DOMAIN: 0.00130874097531945
PHYLUM: 0.957831598181943
CLASS: 1.303509869236
ORDER: 1.56627727331058
FAMILY: 1.58726431477672
GENUS: 2.02045669671856
SPECIES: 0.539343648793845
